22222222222222222222222222222222222222222222222222
22222222222222222222222121221122222222222222222222
22222222222222222222222122222122222222222222222222
22222222222222222222221222112222222222222222222222
22222222222222222222211121112221222222222222222222
22222222222222222222221221221221222222222222222222
22222222222222222222222112221122222222222222222222
22222222222222222222222221121222222222222222222222
22222222222222222222222222122222222222222222222222
22222222222222222222222222122222222222222222222222
22222222222222222222222222222222222222222222222222
22222222222222222222222222222222222222222222222222
22222222222222222222222222222222222222222222222222
22222222222222222222222222222222222222222222222222
22222222222222222222222222222222222222222222222222
22222222222222222222222222222222222222222222222222
22222222222222222222222222222222222222222222222222
22222222222222222222222222222222222222222222222222
22222222222222222222222222222222222222222222222222
22222222222222222222222222222222222222222222222222
22222222222222222222222222222222222222222222222222
22222222222222222222222222222222222222222222222222
22222222222222222222222222222222222222222222222222
22222222222222222222222222222222222222222222222222
22222222222222222222222222222222222222222222222222
22222222222222222222222222222222222222222222222222
22222222222222222222222222222222222222222222222222
22222222222222222222222222222222222222222222222222
22222222222222222222222222222222222222222222222222
22222222222222222222222222222222222222222222222222
22222222222222222222222222222222222222222222222222
22222222222222222222222222222222222222222222222222
22222222222222222222222222222222222222222222222222
22222222222222222222222222222222222222222222222222
22222222222222222222222222222222222222222222222222
22222222222222222222222222222221122222222222222222
22222222222222222222222222222212212222222222222222
22222222222222222222222222222221122222222222222222
22222222222222222222222222222222222222222222222222
22222222222222222222222222222222222222222222222222
22222222222222222222222222222222222222222222222222
22222222222222222222222222222222222222222222222222
22222222222222222222222222222222222222222222222222
22222222222222222222222222222222222222222222222222
22222222222222222222222222222222222222222222222222
22222222222222222222222222222222222222222222222222
22222222222222222222222222222222222222222222222222
22222222222222222222222222222222222222222222222222
22222222222222222222222222222222222222222222222222
22222222222222222222222222222222222222222222222222
