22222222222222222222222222222222222222222222222222
22222222222222222222222222222222222222222222222222
22222222222222222222222222112222222222222222222222
22222222222222222222222221212222222222222222222222
22222222222222222222222222112222222222222222222222
22222222222222222222222222111122222222222222222222
22222222222222222222222222112122222222222222222222
22222222222222222222222222211112222222222222222222
22222222222222222222211112211112222222222222222222
22222222222222222222221111111122222222222222222222
22222222222222222222222211111112222222222222222222
22222222222222222222222222111112222222222222222222
22222222222222222222222222211122222222222222222222
22222222222222222222222222221222222222222222222222
22222222222222222222222222222122222222222222222222
22222222222222222222222222222212222222222222222222
22222222222222222222222222222111222222222222222222
22222222222222222222222222222212222222222222222222
22222222222222222222222222221111222222222222222222
22222222222222222222222222221111122222222222222222
22222222222222222222222222211211112222222222222222
22222222222222222222222222221111112222222222222222
22222222222222222222222222211111222222222222222222
22222222222222222222222222212111112222222222222222
22222222222222222222222222221111222222222222222222
22222222222222222222222222222211222222222222222222
22222222222222222222222222222222222222222222222222
22222222222222222222222222221111222222222222222222
22222222222222222222222222221111122222222222222222
22222222222222222222222222211211112222222222222222
22222222222222222222222222221111112222222222222222
22222222222222222222222222211111222222222222222222
22222222222222222222222222212111112222222222222222
22222222222222222222222222221111222222222222222222
22222222222222222222222222222211222222222222222222
22222222222222222222222222222222222222222222222222
22222222222222222222222222222222222222222222222222
22222222222222222222222222222211112222222222222222
22222222222222222222222222211111222222222222222222
22222222222222222222222222211211112222222222222222
22222222222222222222222222221111112222222222222222
22222222222222222222222222211111222222222222222222
22222222222222222222222222212111112222222222222222
22222222222222222222222222221111222222222222222222
22222222222222222222222222222211222222222222222222
22222222222222222222222222222222222222222222222222
22222222222222222222222222222222222222222222222222
22222222222222222222222222222222222222222222222222
22222222222222222222222222222222222222222222222222
22222222222222222222222222222222222222222222222222