12222222222222222222222222222222222222222222222221
21222222222222222222222222222222222222222222222212
22122222222222222222222222222222222222222222222122
22212222222222222222222222222222222222222222221222
22221222222222222222222222222222222222222222212222
22222122222222222222222222222222222222222222122222
22222212222222222222222222222222222222222221222222
22222221222222222222222222222222222222222212222222
22222222122222222222222222222222222222222122222222
22222222212222222222222222222222222222221222222222
22222222221222222222222222222222222222212222222222
22222222222122222222222222222222222222122222222222
22222222222212222222222222222222222221222222222222
22222222222221222222222222222222222212222222222222
22222222222222122222222222222222222122222222222222
22222222222222212222222222222222221222222222222222
22222222222222221222222222222222212222222222222222
22222222222222222122222222222222122222222222222222
22222222222222222212222222222221222222222222222222
22222222222222222221222222222212222222222222222222
22222222222222222222122222222122222222222222222222
22222222222222222222212222221222222222222222222222
22222222222222222222221222212222222222222222222222
22222222222222222222222122122222222222222222222222
22222222222222222222222211222222222222222222222222
22222222222222222222222211222222222222222222222222
22222222222222222222222122122222222222222222222222
22222222222222222222221222212222222222222222222222
22222222222222222222212222221222222222222222222222
22222222222222222222122222222122222222222222222222
22222222222222222221222222222212222222222222222222
22222222222222222212222222222221222222222222222222
22222222222222222122222222222222122222222222222222
22222222222222221222222222222222212222222222222222
22222222222222212222222222222222221222222222222222
22222222222222122222222222222222222122222222222222
22222222222221222222222222222222222212222222222222
22222222222212222222222222222222222221222222222222
22222222222122222222222222222222222222122222222222
22222222221222222222222222222222222222212222222222
22222222212222222222222222222222222222221222222222
22222222122222222222222222222222222222222122222222
22222221222222222222222222222222222222222212222222
22222212222222222222222222222222222222222221222222
22222122222222222222222222222222222222222222122222
22221222222222222222222222222222222222222222212222
22212222222222222222222222222222222222222222221222
22122222222222222222222222222222222222222222222122
21222222222222222222222222222222222222222222222212
12222222222222222222222222222222222222222222222221